[Graphics_Tablet]
DeviceType=HNDT_T_12K_16SK
K0MainKey=27
K0Ctrl=0
K0Alt=0
K0Shift=0
K0Name=48613780
K1MainKey=0
K1Ctrl=0
K1Alt=1
K1Shift=0
K1Name=48613912
K2MainKey=90
K2Ctrl=1
K2Alt=1
K2Shift=0
K2Name=48614044
K3MainKey=90
K3Ctrl=1
K3Alt=0
K3Shift=1
K3Name=48614176
K4MainKey=0
K4Ctrl=0
K4Alt=0
K4Shift=1
K4Name=48614308
K5MainKey=0
K5Ctrl=1
K5Alt=0
K5Shift=0
K5Name=48614440
K6MainKey=219
K6Ctrl=0
K6Alt=0
K6Shift=0
K6Name=48614572
K7MainKey=84
K7Ctrl=0
K7Alt=0
K7Shift=1
K7Name=48614704
K8MainKey=48
K8Ctrl=1
K8Alt=0
K8Shift=0
K8Name=48614836
K9MainKey=32
K9Ctrl=0
K9Alt=0
K9Shift=0
K9Name=48614968
K10MainKey=109
K10Ctrl=1
K10Alt=0
K10Shift=0
K10Name=48615100
K11MainKey=107
K11Ctrl=1
K11Alt=0
K11Shift=0
K11Name=48615232
S0MainKey=86
S0Ctrl=0
S0Alt=0
S0Shift=0
S0Name=48615380
S1MainKey=65
S1Ctrl=0
S1Alt=0
S1Shift=0
S1Name=48615512
S2MainKey=66
S2Ctrl=0
S2Alt=0
S2Shift=0
S2Name=48615644
S3MainKey=69
S3Ctrl=0
S3Alt=0
S3Shift=0
S3Name=48615776
S4MainKey=83
S4Ctrl=0
S4Alt=0
S4Shift=0
S4Name=48615908
S5MainKey=74
S5Ctrl=0
S5Alt=0
S5Shift=0
S5Name=48616040
S6MainKey=71
S6Ctrl=0
S6Alt=0
S6Shift=0
S6Name=48616172
S7MainKey=72
S7Ctrl=0
S7Alt=0
S7Shift=0
S7Name=48616304
S8MainKey=73
S8Ctrl=0
S8Alt=0
S8Shift=0
S8Name=48616436
S9MainKey=74
S9Ctrl=0
S9Alt=0
S9Shift=0
S9Name=48616568
S10MainKey=75
S10Ctrl=0
S10Alt=0
S10Shift=0
S10Name=48616700
S11MainKey=76
S11Ctrl=0
S11Alt=0
S11Shift=0
S11Name=48616832
S12MainKey=77
S12Ctrl=0
S12Alt=0
S12Shift=0
S12Name=48616964
S13MainKey=187
S13Ctrl=1
S13Alt=0
S13Shift=0
S13Name=48617096
S14MainKey=189
S14Ctrl=1
S14Alt=0
S14Shift=0
S14Name=48617228
S15MainKey=65
S15Ctrl=0
S15Alt=0
S15Shift=0
S15Name=48617360
P0MainKey=69
P0Ctrl=0
P0Alt=0
P0Shift=0
P0Name=48612148
P1MainKey=0
P1Ctrl=0
P1Alt=0
P1Shift=0
P1Name=48612280
P0PenButton=3
P1PenButton=2
WorkAreaRatio_Left=0.000000
WorkAreaRatio_Right=1.000000
WorkAreaRatio_Top=0.000000
WorkAreaRatio_Bottom=1.000000
DisableSoftKey=0
SimlateMouse=1
LeftHand=0
DisableExpressKey=0
PressureSensitive=0
ScreenSel=0
SupportINKDisalbe=1
Debug=0
